1631323 1633599
1631323 1227993
1631323 1229758
1631323 1229788
1631323 1230124
1631323 1344885
1631323 1347551
1631323 1352420
1631323 1353836
1631323 1354830
1631323 1354843
1631323 1356036
1631323 1368740
1631323 1623340
1631324 1633599
1631324 1227993
1631324 1229758
1631324 1229788
1631324 1230124
1631324 1344885
1631324 1347551
1631324 1352420
1631324 1353836
1631324 1354830
1631324 1354843
1631324 1356036
1631324 1368740
1631324 1623340
1631325 1633599
1631325 1227993
1631325 1229758
1631325 1229788
1631325 1230124
1631325 1344885
1631325 1347551
1631325 1352420
1631325 1353836
1631325 1354830
1631325 1354843
1631325 1356036
1631325 1368740
1631325 1623340
1631329 1633599
1631329 1227993
1631329 1229758
1631329 1229788
1631329 1230124
1631329 1344885
1631329 1347551
1631329 1352420
1631329 1353836
1631329 1354830
1631329 1354843
1631329 1356036
1631329 1368740
1631329 1623340
1631330 1633599
1631330 1227993
1631330 1229758
1631330 1229788
1631330 1230124
1631330 1344885
1631330 1347551
1631330 1352420
1631330 1353836
1631330 1354830
1631330 1354843
1631330 1356036
1631330 1368740
1631330 1623340
1631331 1633599
1631331 1227993
1631331 1229758
1631331 1229788
1631331 1230124
1631331 1344885
1631331 1347551
1631331 1352420
1631331 1353836
1631331 1354830
1631331 1354843
1631331 1356036
1631331 1368740
1631331 1623340
1631333 1633599
1631333 1227993
1631333 1229758
1631333 1229788
1631333 1230124
1631333 1344885
1631333 1347551
1631333 1352420
1631333 1353836
1631333 1354830
1631333 1354843
1631333 1356036
1631333 1368740
1631333 1623340
1631335 1633599
1631335 1227993
1631335 1229758
1631335 1229788
1631335 1230124
1631335 1344885
1631335 1347551
1631335 1352420
1631335 1353836
1631335 1354830
1631335 1354843
1631335 1356036
1631335 1368740
1631335 1623340
1631337 1633599
1631337 1227993
1631337 1229758
1631337 1229788
1631337 1230124
1631337 1344885
1631337 1347551
1631337 1352420
1631337 1353836
1631337 1354830
1631337 1354843
1631337 1356036
1631337 1368740
1631337 1623340
1631339 1633599
1631339 1227993
1631339 1229758
1631339 1229788
1631339 1230124
1631339 1344885
1631339 1347551
1631339 1352420
1631339 1353836
1631339 1354830
1631339 1354843
1631339 1356036
1631339 1368740
1631339 1623340
1631394 1633599
1631394 1227993
1631394 1229758
1631394 1229788
1631394 1230124
1631394 1344885
1631394 1347551
1631394 1352420
1631394 1353836
1631394 1354830
1631394 1354843
1631394 1356036
1631394 1368740
1631394 1623340
1631399 1633599
1631399 1227993
1631399 1229758
1631399 1229788
1631399 1230124
1631399 1344885
1631399 1347551
1631399 1352420
1631399 1353836
1631399 1354830
1631399 1354843
1631399 1356036
1631399 1368740
1631399 1623340
1631405 1633599
1631405 1227993
1631405 1229758
1631405 1229788
1631405 1230124
1631405 1344885
1631405 1347551
1631405 1352420
1631405 1353836
1631405 1354830
1631405 1354843
1631405 1356036
1631405 1368740
1631405 1623340
1631407 1633599
1631407 1227993
1631407 1229758
1631407 1229788
1631407 1230124
1631407 1344885
1631407 1347551
1631407 1352420
1631407 1353836
1631407 1354830
1631407 1354843
1631407 1356036
1631407 1368740
1631407 1623340
1631409 1633599
1631409 1227993
1631409 1229758
1631409 1229788
1631409 1230124
1631409 1344885
1631409 1347551
1631409 1352420
1631409 1353836
1631409 1354830
1631409 1354843
1631409 1356036
1631409 1368740
1631409 1623340
1631411 1633599
1631411 1227993
1631411 1229758
1631411 1229788
1631411 1230124
1631411 1344885
1631411 1347551
1631411 1352420
1631411 1353836
1631411 1354830
1631411 1354843
1631411 1356036
1631411 1368740
1631411 1623340
1631413 1633599
1631413 1227993
1631413 1229758
1631413 1229788
1631413 1230124
1631413 1344885
1631413 1347551
1631413 1352420
1631413 1353836
1631413 1354830
1631413 1354843
1631413 1356036
1631413 1368740
1631413 1623340
1631416 1633599
1631416 1227993
1631416 1229758
1631416 1229788
1631416 1230124
1631416 1344885
1631416 1347551
1631416 1352420
1631416 1353836
1631416 1354830
1631416 1354843
1631416 1356036
1631416 1368740
1631416 1623340
1631421 1633599
1631421 1230124
1631421 1344885
1631421 1347551
1631421 1353836
1631421 1354392
1631421 1354799
1631421 1354830
1631421 1354843
1631421 1368740
1631421 1623227
1631421 1623340
1631426 1633599
1631426 1227993
1631426 1229758
1631426 1229788
1631426 1230124
1631426 1344885
1631426 1347551
1631426 1352420
1631426 1353836
1631426 1354830
1631426 1354843
1631426 1356036
1631426 1368740
1631426 1623340
1631474 1633599
1631474 1227993
1631474 1229758
1631474 1229788
1631474 1230124
1631474 1344885
1631474 1347551
1631474 1352420
1631474 1353836
1631474 1354830
1631474 1354843
1631474 1356036
1631474 1368740
1631474 1623340
1631479 1633599
1631479 1227993
1631479 1229758
1631479 1229788
1631479 1230124
1631479 1344885
1631479 1347551
1631479 1352420
1631479 1353836
1631479 1354830
1631479 1354843
1631479 1356036
1631479 1368740
1631479 1623340
1631480 1633599
1631480 1230124
1631480 1344885
1631480 1347551
1631480 1353836
1631480 1354392
1631480 1354799
1631480 1354830
1631480 1354843
1631480 1368740
1631480 1623227
1631480 1623340
1631483 1633599
1631483 1227993
1631483 1229758
1631483 1229788
1631483 1230124
1631483 1344885
1631483 1347551
1631483 1352420
1631483 1353836
1631483 1354830
1631483 1354843
1631483 1356036
1631483 1368740
1631483 1623340
1631485 1633599
1631485 1230124
1631485 1344885
1631485 1347551
1631485 1353836
1631485 1354392
1631485 1354799
1631485 1354830
1631485 1354843
1631485 1368740
1631485 1623227
1631485 1623340
1631488 1633599
1631488 1227993
1631488 1229758
1631488 1229788
1631488 1230124
1631488 1344885
1631488 1347551
1631488 1352420
1631488 1353836
1631488 1354830
1631488 1354843
1631488 1356036
1631488 1368740
1631488 1623340
1631490 1633599
1631490 1227993
1631490 1229758
1631490 1229788
1631490 1230124
1631490 1344885
1631490 1347551
1631490 1352420
1631490 1353836
1631490 1354830
1631490 1354843
1631490 1356036
1631490 1368740
1631490 1623340
1631495 1633599
1631495 1227993
1631495 1229758
1631495 1229788
1631495 1230124
1631495 1344885
1631495 1347551
1631495 1352420
1631495 1353836
1631495 1354830
1631495 1354843
1631495 1356036
1631495 1368740
1631495 1623340
1631497 1633599
1631497 1227993
1631497 1229758
1631497 1229788
1631497 1230124
1631497 1344885
1631497 1347551
1631497 1352420
1631497 1353836
1631497 1354830
1631497 1354843
1631497 1356036
1631497 1368740
1631497 1623340
1631507 1633599
